8543982476
8697152568
7998889245
8684268502
6975511202
6372908937
6971058210
8987960160
8266120033
8807548304
777000
6546412112
1087968824
1725209541
8599019937
8098780649
8473097482
7770300455
534658432
6527073225
1558841460
5458417466
8217329784
8847336296
8472456673
5271372349
7207209213
5278908544
8549505928
6404261165
8068693560
5735686658
7625669142
8683954364
5720297885
6076361443
7776533734
6900455274
6740434496
8694866163
7896344304
6115130924
8781559299
8417486990
6067712594
